function rgb = antique_white
  rgb = [0.98039, 0.92156, 0.84313];      
end