function rgb = beige
  rgb = [0.96078, 0.96078, 0.86274];      
end