function rgb = brown
  rgb = [0.64705, 0.1647, 0.1647];      
end