function rgb = burly_wood
  rgb = [0.87058, 0.72156, 0.52941];      
end