function rgb = coral
  rgb = [1.0, 0.49803, 0.31372];      
end