function rgb = cornflower_blue
  rgb = [0.39215, 0.58431, 0.92941];      
end