function rgb = crimson
  rgb = [0.86274, 0.07843, 0.23529];      
end