function rgb = dark_goldenrod
  rgb = [0.72156, 0.52549, 0.04313];      
end