function rgb = dark_gray
  rgb = [0.66274, 0.66274, 0.66274];      
end