function rgb = fire_brick
  rgb = [0.69803, 0.13333, 0.13333];      
end