function rgb = gainsboro
  rgb = [0.86274, 0.86274, 0.86274];      
end