function rgb = gray
  rgb = [0.50196, 0.50196, 0.50196];      
end