function rgb = indian_red
  rgb = [0.80392, 0.36078, 0.36078];      
end