function rgb = lavender
  rgb = [0.90196, 0.90196, 0.98039];      
end