function rgb = light_sea_green
  rgb = [0.12549, 0.69803, 0.66666];      
end