function rgb = light_coral
  rgb = [0.94117, 0.50196, 0.50196];      
end