function rgb = lime_green
  rgb = [0.19607, 0.80392, 0.19607];      
end