function rgb = linen
  rgb = [0.98039, 0.94117, 0.90196];      
end