function rgb = medium_orchid
  rgb = [0.72941, 0.33333, 0.82745];      
end