function rgb = midnight_blue
  rgb = [0.09803, 0.09803, 0.43921];      
end