function rgb = orchid
  rgb = [0.8549, 0.43921, 0.83921];      
end