function rgb = pale_turquoise
  rgb = [0.68627, 0.93333, 0.93333];      
end