function rgb = pale_violet_red
  rgb = [0.85882, 0.43921, 0.57647];      
end