function rgb = pale_green
  rgb = [0.59607, 0.98431, 0.59607];      
end