function rgb = peru
  rgb = [0.80392, 0.52156, 0.24705];      
end