function rgb = salmon
  rgb = [0.98039, 0.50196, 0.44705];      
end