function rgb = slate_gray
  rgb = [0.43921, 0.50196, 0.5647];      
end