function rgb = snow
  rgb = [1.0, 0.98039, 0.98039];      
end