function rgb = steel_blue
  rgb = [0.2745, 0.5098, 0.70588];      
end