function rgb = tan
  rgb = [0.82352, 0.70588, 0.54901];      
end