function rgb = teal
  rgb = [0.0, 0.50196, 0.50196];      
end