function rgb = thistle
  rgb = [0.84705, 0.74901, 0.84705];      
end