function rgb = turquoise
  rgb = [0.25098, 0.87843, 0.81568];      
end