function rgb = yellow_green
  rgb = [0.60392, 0.80392, 0.19607];      
end