function rgb = blue_violet
  rgb = [0.54117, 0.16862, 0.88627];      
end