function rgb = cadet_blue
  rgb = [0.37254, 0.6196, 0.62745];      
end