function rgb = chocolate
  rgb = [0.82352, 0.41176, 0.11764];      
end