function rgb = dark_sea_green
  rgb = [0.56078, 0.73725, 0.56078];      
end