function rgb = dark_salmon
  rgb = [0.91372, 0.58823, 0.47843];      
end