function rgb = dark_slate_blue
  rgb = [0.28235, 0.23921, 0.54509];      
end