function rgb = dark_khaki
  rgb = [0.74117, 0.71764, 0.4196];      
end