function rgb = dim_gray
  rgb = [0.41176, 0.41176, 0.41176];      
end