function rgb = forest_green
  rgb = [0.13333, 0.54509, 0.13333];      
end