function rgb = goldenrod
  rgb = [0.8549, 0.64705, 0.12549];      
end