function rgb = khaki
  rgb = [0.94117, 0.90196, 0.54901];      
end