function rgb = light_blue
  rgb = [0.67843, 0.84705, 0.90196];      
end