function rgb = light_gray
  rgb = [0.82745, 0.82745, 0.82745];      
end
