function rgb = light_sky_blue
  rgb = [0.52941, 0.80784, 0.98039];      
end