function rgb = light_grey
  rgb = [0.82745, 0.82745, 0.82745];      
end