function rgb = medium_purple
  rgb = [0.57647, 0.43921, 0.85882];      
end