function rgb = old_lace
  rgb = [0.99215, 0.96078, 0.90196];      
end