function rgb = olive
  rgb = [0.50196, 0.50196, 0.0];      
end