function rgb = olive_drab
  rgb = [0.4196, 0.55686, 0.13725];      
end