function rgb = pink
  rgb = [1.0, 0.75294, 0.79607];      
end