function rgb = plum
  rgb = [0.86666, 0.62745, 0.86666];      
end