function rgb = powder_blue
  rgb = [0.69019, 0.87843, 0.90196];      
end