function rgb = rosy_brown
  rgb = [0.73725, 0.56078, 0.56078];      
end