function rgb = royal_blue
  rgb = [0.2549, 0.41176, 0.88235];      
end