function rgb = saddle_brown
  rgb = [0.54509, 0.27058, 0.0745];      
end