function rgb = sandy_brown
  rgb = [0.95686, 0.64313, 0.37647];      
end