function rgb = sea_green
  rgb = [0.18039, 0.54509, 0.34117];      
end