function rgb = sienna
  rgb = [0.62745, 0.32156, 0.17647];      
end