function rgb = silver
  rgb = [0.75294, 0.75294, 0.75294];      
end