function rgb = sky_blue
  rgb = [0.52941, 0.80784, 0.92156];      
end