function rgb = slate_blue
  rgb = [0.41568, 0.35294, 0.80392];      
end