function rgb = violet
  rgb = [0.93333, 0.5098, 0.93333];      
end