function rgb = wheat
  rgb = [0.96078, 0.87058, 0.70196];      
end