function rgb = white_smoke
  rgb = [0.96078, 0.96078, 0.96078];      
end